# oST version 5.0 parameters


[image]

width
640

height
480

[stereo_left]

camera matrix
474.89673285067175 0.000000 400.5
0.000000 474.89673285067175 300.5
0.000000 0.000000 1.000000

distortion
0.0 0.0 0.0 0.0 0.0

rectification
1.0 0.0 0.0
0.0 1.0 0.0
0.0 0.0 1.0

projection
474.89673285067175 0.000000 400.5 0.000000
0.000000 474.89673285067175 300.5 0.000000
0.000000 0.000000 1.000000 0.000000